4.429
5.07284
4.43441
4.43178
4.56722
4.41733
2.37488
3.99242
3.0723
4.4848
3.99179
3.58167
3.36773
4.68875
3.99465
2.56162
3.99684
5.18518
3.57156
3.80358
2.73086
4.00053
3.58202
4.69585
2.93958
4.00611
5.6423
3.57808
4.42956
3.30321
5.06085
4.42105
3.58419
4.43033
3.50267
4.0066
4.65142
3.1678
4.00897
4.48959
5.05441
4.4897
3.58111
4.41765
5.78364
2.56314
4.55685
2.04028
4.41828
3.1462
2.73331
4.49326
2.90873
4.41811
4.00367
2.01193
5.23216
2.75157
5.46539
4.00442
4.56436
4.83607
3.57348
3.61182
4.01386
4.41796
5.54192
3.08912
5.42666
4.20362
3.5857
4.49183
3.58604
4.00595
3.80525
5.20109
3.57998
2.04202
4.90681
3.58282
3.14846
4.41655
3.1466
3.99616
3.58178
3.99592
2.60292
4.41998
5.22891
4.00359
3.99767
4.55538
3.57916
4.00164
3.99878
3.99459
3.99561
4.47112
3.57672
4.01376
4.00804
4.43212
4.01228
4.4301
