25
26
27
28
29
30
31
32
33
34
37
38
39
40
41
42
43
44
45
46
49
50
51
52
53
54
55
56
57
58
61
62
63
64
65
66
67
68
69
70
73
74
75
76
77
78
79
80
81
82
85
86
87
88
89
90
91
92
93
94
97
98
99
100
101
102
103
104
105
106
109
110
111
112
113
114
115
116
117
118
121
122
123
124
125
126
127
128
129
130
133
134
135
136
137
138
139
140
141
142
145
146
147
148
149
150
151
152
153
154
157
158
159
160
161
162
163
164
165
166
169
170
171
172
173
174
175
176
177
178
181
182
183
184
185
186
187
188
189
190
193
194
195
196
197
198
199
200
201
202
205
206
207
208
209
210
211
212
213
214
217
218
219
220
221
222
223
224
225
226
