7.9281
7.93105
7.94731
8.14626
7.86694
7.36905
7.3065
7.3078
7.54041
7.25382
7.27211
7.48982
7.4659
7.49205
8.23565
7.27578
7.48406
7.43541
7.41635
7.39286
6.63405
7.38383
7.4702
7.43674
7.39283
6.6562
7.40685
7.50433
7.45168
7.41729
7.25978
8.20771
7.53001
7.48566
7.43599
7.39335
7.41194
7.64443
7.57941
7.44414
7.43158
7.41668
7.63855
7.58867
7.49594
7.43359
7.44786
7.50417
7.56483
8.53738
7.36128
7.46179
7.48929
7.54296
7.53433
6.8545
7.46813
7.49534
7.53249
7.47651
6.57801
7.55941
7.49543
7.53998
7.54272
7.48183
8.96974
7.50551
7.53952
7.57632
7.23242
6.57876
7.55324
7.50605
7.60963
7.93464
8.06951
6.84809
7.46143
7.59905
7.32472
5.70707
8.52675
7.33224
7.4418
8.13841
6.52822
6.71534
7.50949
7.44333
7.39498
6.53185
8.77733
7.45269
7.28072
7.26435
6.39177
7.3563
7.57771
7.93655
7.92299
7.83903
8.61951
8.31057
