************************************************************
0 1 1
1 4 1
2 5 1
3 8 1
4 9 1
5 12 1
6 13 1
7 16 1
8 17 1
9 20 1
10 21 1
11 1 1
12 2 2
13 3 2
14 6 2
15 7 2
16 10 2
17 11 2
18 14 2
19 15 2
20 18 2
21 19 2
22 22 2
23 23 2
24 1 3
25 4 3
26 5 3
27 8 3
28 9.57071 3.42929
29 12 3
30 13.5707 3.42929
31 16 3
32 17 3
33 19.5707 3.57071
34 21 3
35 24 3
36 2 4
37 3 4
38 6 4
39 7.57071 4.42929
40 9.42929 3.57071
41 11 4
42 13.4293 3.57071
43 15.5707 4.42929
44 18 4
45 19.4293 3.42929
46 22 4
47 23 4
48 1 5
49 3.57071 5.57071
50 5.57071 5.42929
51 7.42929 4.57071
52 9.57071 5.42929
53 12.5 4.9
54 12.5 5.1
55 15.4293 4.57071
56 17.5707 5.42929
57 20 5
58 21.5707 5.42929
59 24 5
60 2 6
61 3.42929 5.42929
62 5.42929 5.57071
63 7 6
64 9.42929 5.57071
65 11 6
66 14 6
67 15.5707 6.42929
68 17.4293 5.57071
69 19 6
70 21.4293 5.57071
71 23 6
72 1 7
73 4 7
74 5.5707 7.57072
75 8 7
76 9.57071 7.42929
77 12.5 6.9
78 12.5 7.1
79 15.4293 6.57071
80 17.5707 7.42929
81 20 7
82 21 7
83 24 7
84 2 8
85 3.57071 8.42929
86 5.4293 7.42928
87 7 8
88 9.42929 7.57071
89 11.5707 8.42929
90 14 8
91 15 8
92 17.4293 7.57071
93 19 8
94 22 8
95 23 8
96 1 9
97 3.42929 8.57071
98 5 9
99 7.88113 10.2566
100 9.57071 9.42929
101 11.4293 8.57071
102 13.5707 9.42929
103 15.8811 9.74341
104 17 9
105 20 9
106 21 9
107 24 9
108 2 10
109 3 10
110 6 10
111 7.42929 9.42929
112 9.42929 9.57071
113 11 10
114 13.4293 9.57071
115 15.6896 9.68588
116 18 10
117 19.5707 10.4293
118 22 10
119 23 10
120 1 11
121 3.88113 11.7434
122 5.57071 11.4293
123 7.68958 10.3141
124 9.57071 11.4293
125 12 11
126 13 11
127 15.4293 10.5707
128 17 11
129 19.4293 10.5707
130 21 11
131 24 11
132 2 12
133 3.68958 11.6859
134 5.42929 11.5707
135 7.57071 12.4293
136 9.42929 11.5707
137 11.5707 12.4293
138 14 12
139 15.5707 12.4293
140 18 12
141 19.5707 12.4293
142 22 12
143 23 12
144 1 13
145 3.42929 12.5707
146 5 13
147 7.42929 12.5707
148 9 13
149 11.4293 12.5707
150 13.5707 13.4293
151 15.4293 12.5707
152 17 13
153 19.4293 12.5707
154 21 13
155 24 13
156 2 14
157 3.57071 14.4293
158 6 14
159 7.57071 14.4293
160 10 14
161 11.5707 14.4293
162 13.4293 13.5707
163 15 14
164 18.5 13.9
165 18.5 14.1
166 22 14
167 23 14
168 1 15
169 3.42929 14.5707
170 5 15
171 7.42929 14.5707
172 9 15
173 11.4293 14.5707
174 13 15
175 16 15
176 17.5707 15.4293
177 20 15
178 21.5707 15.4293
179 24 15
180 2 16
181 3.5707 16.5707
182 6 16
183 7.57071 16.4293
184 10 16
185 11 16
186 14 16
187 15 16
188 17.4293 15.5707
189 19 16
190 21.4293 15.5707
191 23 16
192 1 17
193 3.4293 16.4293
194 5 17
195 7.42929 16.5707
196 9.57071 17.4293
197 12 17
198 13.5707 17.4293
199 15.5707 17.5707
200 17 17
201 20.5 16.9
202 20.5 17.1
203 24 17
204 2 18
205 3 18
206 6.5 17.9
207 6.5 18.1
208 9.42929 17.5707
209 11.5707 18.4293
210 13.4293 17.5707
211 15.4293 17.4293
212 17.5707 18.5707
213 19.5707 18.4293
214 22 18
215 23 18
216 1 19
217 4 19
218 5 19
219 8 19
220 9 19
221 11.4293 18.5707
222 13 19
223 16 19
224 17.4293 18.4293
225 19.4293 18.5707
226 21 19
227 24 19
228 2 20
229 3 20
230 6 20
231 7 20
232 10 20
233 11 20
234 14 20
235 15 20
236 18 20
237 19 20
238 22 20
239 23 20
240 1 1
241 4 21
242 5 21
243 8 21
244 9 21
245 12 21
246 13 21
247 16 21
248 17 21
249 20 21
250 21 21
251 1 1
************************************************************
0 1 1
1 4 1
2 5 1
3 8 1
4 9 1
5 12 1
6 13 1
7 16 1
8 17 1
9 20 1
10 21 1
11 1 1
12 2 2
13 3 2
14 6 2
15 7 2
16 10 2
17 11 2
18 14 2
19 15 2
20 18 2
21 19 2
22 22 2
23 23 2
24 1 3
25 3.99996 3.00006
26 5.00008 3.00006
27 7.99996 3.00007
28 9.71204 3.71226
29 12 2.99997
30 13.7119 3.71239
31 16 3.00005
32 17 3
33 19.288 3.71227
34 21.0001 3.00004
35 24 3
36 2 4
37 3.0001 4.00003
38 5.99989 4.00003
39 7.71197 4.71232
40 9.28802 3.28775
41 11 3.99998
42 13.2881 3.28765
43 15.7119 4.71236
44 18 4.00002
45 19.712 3.28771
46 22 4.00002
47 23 4
48 1 5
49 3.28799 5.71227
50 5.71202 5.71223
51 7.28805 4.28771
52 9.71205 5.71229
53 12.8 5.00001
54 12.2 4.99994
55 15.2881 4.28772
56 17.712 5.71229
57 20 4.99998
58 21.712 5.71232
59 24 5
60 2 6
61 3.71203 5.28778
62 5.28794 5.28778
63 7.00009 5.99996
64 9.28803 5.28779
65 11.0001 5.99995
66 13.9999 6.00001
67 15.7119 6.71228
68 17.2881 5.28771
69 19 5.99994
70 21.288 5.28772
71 23 6
72 1 7
73 3.99993 7.00003
74 5.28775 7.71197
75 7.99993 7.00012
76 9.71196 7.71225
77 12.8 7
78 12.2 7.0001
79 15.288 6.28771
80 17.7119 7.71233
81 19.9999 7.00003
82 21.0001 6.99997
83 24 7
84 2 8
85 3.71197 8.71232
86 5.71231 7.288
87 7.00009 7.99999
88 9.28798 7.2877
89 11.7119 8.71235
90 14 8.00006
91 15 7.99998
92 17.288 7.28771
93 19 7.99998
94 21.9999 7.99997
95 23 8
96 1 9
97 3.28802 8.28774
98 4.99999 9.00005
99 7.87154 10.5727
100 9.71213 9.71216
101 11.2881 8.28757
102 13.7119 9.7124
103 15.8716 10.002
104 17.0001 8.99993
105 19.9999 9.00003
106 21.0001 8.99997
107 24 9
108 2 10
109 3.00007 10
110 5.99989 10
111 7.42917 9.42937
112 9.28786 9.2879
113 11 9.99995
114 13.2881 9.2877
115 15.6992 9.42733
116 18 10
117 19.712 10.7122
118 22 10
119 23 10
120 1 11
121 3.8717 12.002
122 5.712 11.7123
123 7.69929 9.99795
124 9.71199 11.7124
125 12 11.0001
126 13 10.9999
127 15.4292 10.5707
128 17.0001 11
129 19.288 10.2877
130 21.0001 11
131 24 11
132 2 12
133 3.69912 11.4273
134 5.28805 11.2877
135 7.71199 12.7122
136 9.2881 11.2877
137 11.7119 12.7123
138 14 12
139 15.712 12.7123
140 17.9999 12
141 19.712 12.7123
142 21.9999 12
143 23 12
144 1 13
145 3.42921 12.5706
146 5.00012 13
147 7.28797 12.2877
148 9.00007 12.9999
149 11.288 12.2877
150 13.712 13.7123
151 15.288 12.2877
152 17 12.9999
153 19.288 12.2877
154 21 13
155 24 13
156 2 14
157 3.71204 14.7122
158 5.99988 14
159 7.71204 14.7122
160 9.99992 14
161 11.712 14.7123
162 13.288 13.2877
163 15.0001 14
164 18.8 14.0001
165 18.2 13.9999
166 21.9999 14
167 23 14
168 1 15
169 3.28799 14.2877
170 5.00008 14.9999
171 7.28796 14.2878
172 9.00002 15
173 11.288 14.2878
174 13 15
175 15.9999 15
176 17.7119 15.7124
177 20 14.9999
178 21.7119 15.7123
179 24 15
180 2 16
181 3.28769 16.712
182 5.99989 16
183 7.71194 16.7123
184 9.99994 16.0001
185 11.0001 16
186 13.9999 16
187 15 16
188 17.2881 15.2877
189 19 16.0001
190 21.2881 15.2876
191 23 16
192 1 17
193 3.71232 16.2881
194 5.00001 17
195 7.28805 16.2877
196 9.71187 17.7124
197 12 17
198 13.712 17.7122
199 15.2879 17.7122
200 17.0001 17
201 20.8 16.9999
202 20.2 17.0001
203 24 17
204 2 18
205 3.00009 18
206 6.79996 18
207 6.19996 18
208 9.28808 17.2876
209 11.7119 18.7123
210 13.288 17.2877
211 15.712 17.2878
212 17.288 18.7122
213 19.7119 18.7123
214 22 18
215 23 18
216 1 19
217 3.99995 19
218 5.00006 19
219 7.99993 19
220 8.99998 18.9999
221 11.288 18.2877
222 13.0001 19
223 15.9999 19
224 17.7121 18.2877
225 19.288 18.2876
226 21.0001 19
227 24 19
228 2 20
229 3 20
230 6 20
231 7 20
232 10 20
233 11 20
234 14 20
235 15 20
236 18 20
237 19 20
238 22 20
239 23 20
240 1 1
241 4 21
242 5 21
243 8 21
244 9 21
245 12 21
246 13 21
247 16 21
248 17 21
249 20 21
250 21 21
251 1 1
************************************************************
0 1 1
1 4 1
2 5 1
3 8 1
4 9 1
5 12 1
6 13 1
7 16 1
8 17 1
9 20 1
10 21 1
11 1 1
12 2 2
13 3 2
14 6 2
15 7 2
16 10 2
17 11 2
18 14 2
19 15 2
20 18 2
21 19 2
22 22 2
23 23 2
24 1 3
25 3.9999 3.00009
26 5.00016 3.00009
27 7.9999 3.0001
28 9.71206 3.71236
29 11.9999 2.99997
30 13.7119 3.71251
31 16 3.00008
32 17.0001 3
33 19.2881 3.71235
34 21.0001 3.00006
35 24 3
36 2 4
37 3.00018 4.00005
38 5.99981 4.00005
39 7.71197 4.71244
40 9.28804 3.28766
41 11.0001 3.99995
42 13.2881 3.28755
43 15.7119 4.71247
44 17.9999 4.00003
45 19.712 3.28762
46 21.9999 4.00003
47 23 4
48 1 5
49 3.28803 5.71238
50 5.71204 5.71232
51 7.28808 4.2876
52 9.71206 5.7124
53 12.8001 4.99998
54 12.1999 4.99995
55 15.2881 4.28765
56 17.712 5.71237
57 19.9999 4.99997
58 21.712 5.71242
59 24 5
60 2 6
61 3.71203 5.28772
62 5.28792 5.28772
63 7.00017 5.99991
64 9.28805 5.28771
65 11.0001 5.99992
66 13.9999 6.00002
67 15.7119 6.7124
68 17.2881 5.28762
69 19.0001 5.9999
70 21.2881 5.28764
71 23 6
72 1 7
73 3.99986 7.00003
74 5.28775 7.7119
75 7.99991 7.00019
76 9.7119 7.71232
77 12.8001 7
78 12.1999 7.00014
79 15.288 6.28759
80 17.7119 7.71243
81 19.9998 7.00004
82 21.0001 6.99996
83 24 7
84 2 8
85 3.71196 8.71248
86 5.7123 7.28806
87 7.00016 8
88 9.28797 7.28763
89 11.7119 8.71245
90 14 8.00011
91 15 7.99999
92 17.288 7.28762
93 19.0001 7.99997
94 21.9999 7.99996
95 23 8
96 1 9
97 3.28799 8.28762
98 5 9.00007
99 7.87152 10.5728
100 9.7122 9.71226
101 11.2882 8.28745
102 13.7119 9.71251
103 15.8716 10.0022
104 17.0002 8.99987
105 19.9998 9.00005
106 21.0002 8.99996
107 24 9
108 2 10
109 3.00012 10.0001
110 5.9998 10
111 7.42905 9.42944
112 9.2878 9.28782
113 11 9.99991
114 13.2881 9.28762
115 15.6993 9.42723
116 18 10
117 19.712 10.7123
118 21.9999 10
119 23 10
120 1 11
121 3.8716 12.0021
122 5.71205 11.7124
123 7.69937 9.99779
124 9.71197 11.7125
125 11.9999 11.0001
126 13.0001 10.9999
127 15.4292 10.5706
128 17.0002 10.9999
129 19.288 10.2876
130 21.0002 11
131 24 11
132 2 12
133 3.69922 11.4272
134 5.28809 11.2875
135 7.71197 12.7123
136 9.28817 11.2877
137 11.7119 12.7124
138 13.9999 12
139 15.7121 12.7123
140 17.9997 12
141 19.7119 12.7124
142 21.9998 12
143 23 12
144 1 13
145 3.42918 12.5706
146 5.00021 12.9999
147 7.28795 12.2876
148 9.00013 12.9998
149 11.2881 12.2876
150 13.7119 13.7124
151 15.288 12.2876
152 17 12.9999
153 19.288 12.2876
154 21.0001 13
155 24 13
156 2 14
157 3.71206 14.7123
158 5.99977 14.0001
159 7.71206 14.7123
160 9.99984 14
161 11.712 14.7124
162 13.288 13.2876
163 15.0002 13.9999
164 18.8001 14.0001
165 18.1999 13.9999
166 21.9998 14.0001
167 23 14
168 1 15
169 3.288 14.2877
170 5.00016 14.9998
171 7.28794 14.2877
172 9.00007 14.9999
173 11.2879 14.2876
174 13.0001 14.9999
175 15.9998 15
176 17.7119 15.7125
177 19.9999 14.9999
178 21.7119 15.7124
179 24 15
180 2 16
181 3.2877 16.7119
182 5.99983 16
183 7.71192 16.7124
184 9.99988 16.0001
185 11.0002 15.9999
186 13.9998 16
187 15.0001 15.9999
188 17.2881 15.2876
189 19 16.0001
190 21.2881 15.2875
191 23 16
192 1 17
193 3.7123 16.2882
194 5.00006 16.9999
195 7.28807 16.2876
196 9.71182 17.7124
197 11.9999 17
198 13.712 17.7123
199 15.2879 17.7123
200 17.0002 17
201 20.8001 16.9999
202 20.1998 17.0001
203 24 17
204 2 18
205 3.00016 17.9999
206 6.80005 17.9999
207 6.19979 18
208 9.28811 17.2875
209 11.7119 18.7124
210 13.288 17.2876
211 15.712 17.2877
212 17.288 18.7123
213 19.7119 18.7124
214 21.9999 18
215 23 18
216 1 19
217 3.9999 18.9999
218 5.00012 18.9999
219 7.99986 19
220 9.00001 18.9999
221 11.288 18.2876
222 13.0002 19
223 15.9998 19
224 17.7121 18.2876
225 19.288 18.2875
226 21.0002 19
227 24 19
228 2 20
229 3 20
230 6 20
231 7 20
232 10 20
233 11 20
234 14 20
235 15 20
236 18 20
237 19 20
238 22 20
239 23 20
240 1 1
241 4 21
242 5 21
243 8 21
244 9 21
245 12 21
246 13 21
247 16 21
248 17 21
249 20 21
250 21 21
251 1 1
************************************************************
0 1 1
1 4 1
2 5 1
3 8 1
4 9 1
5 12 1
6 13 1
7 16 1
8 17 1
9 20 1
10 21 1
11 1 1
12 2 2
13 3 2
14 6 2
15 7 2
16 10 2
17 11 2
18 14 2
19 15 2
20 18 2
21 19 2
22 22 2
23 23 2
24 1 3
25 3.99984 3.00012
26 5.00024 3.00012
27 7.99984 3.00014
28 9.71208 3.71247
29 11.9998 2.99997
30 13.7118 3.71262
31 15.9999 3.0001
32 17.0001 3
33 19.2881 3.71242
34 21.0002 3.00009
35 24 3
36 2 4
37 3.00026 4.00007
38 5.99972 4.00007
39 7.71196 4.71256
40 9.28806 3.28756
41 11.0002 3.99993
42 13.2882 3.28745
43 15.7119 4.71258
44 17.9999 4.00003
45 19.712 3.28754
46 21.9999 4.00004
47 23 4
48 1 5
49 3.28806 5.71249
50 5.71205 5.71241
51 7.2881 4.28749
52 9.71207 5.71251
53 12.8002 4.99996
54 12.1998 4.99996
55 15.2881 4.28758
56 17.712 5.71246
57 19.9999 4.99997
58 21.7119 5.71251
59 24 5
60 2 6
61 3.71204 5.28767
62 5.2879 5.28767
63 7.00026 5.99986
64 9.28807 5.28764
65 11.0002 5.99989
66 13.9998 6.00002
67 15.7119 6.71251
68 17.2881 5.28753
69 19.0002 5.99986
70 21.2881 5.28756
71 23 6
72 1 7
73 3.99979 7.00004
74 5.28775 7.71183
75 7.99988 7.00027
76 9.71185 7.7124
77 12.8002 7.00001
78 12.1998 7.00017
79 15.2879 6.28747
80 17.7118 7.71253
81 19.9997 7.00006
82 21.0002 6.99994
83 24 7
84 2 8
85 3.71195 8.71265
86 5.7123 7.28811
87 7.00024 8
88 9.28797 7.28756
89 11.7118 8.71254
90 13.9999 8.00016
91 15 8.00001
92 17.288 7.28752
93 19.0002 7.99996
94 21.9998 7.99994
95 23 8
96 1 9
97 3.28796 8.28751
98 5.00001 9.00009
99 7.8715 10.5729
100 9.71227 9.71237
101 11.2882 8.28732
102 13.7118 9.71262
103 15.8715 10.0023
104 17.0002 8.99981
105 19.9997 9.00007
106 21.0002 8.99994
107 24 9
108 2 10
109 3.00017 10.0001
110 5.99971 10
111 7.42893 9.42951
112 9.28775 9.28774
113 11.0001 9.99987
114 13.2882 9.28754
115 15.6994 9.42712
116 18.0001 10
117 19.712 10.7124
118 21.9999 10
119 23 10
120 1 11
121 3.87151 12.0023
122 5.7121 11.7125
123 7.69945 9.99764
124 9.71196 11.7126
125 11.9998 11.0001
126 13.0001 10.9999
127 15.4291 10.5706
128 17.0003 10.9999
129 19.288 10.2875
130 21.0003 10.9999
131 24 11
132 2 12
133 3.69933 11.4271
134 5.28814 11.2874
135 7.71195 12.7124
136 9.28824 11.2876
137 11.7119 12.7125
138 13.9999 12.0001
139 15.7121 12.7124
140 17.9996 12
141 19.7119 12.7125
142 21.9998 12
143 23 12
144 1 13
145 3.42915 12.5705
146 5.00031 12.9999
147 7.28793 12.2875
148 9.00019 12.9998
149 11.2881 12.2875
150 13.7119 13.7125
151 15.288 12.2875
152 17 12.9998
153 19.2881 12.2875
154 21.0001 13
155 24 13
156 2 14
157 3.71208 14.7123
158 5.99965 14.0001
159 7.71207 14.7124
160 9.99977 14
161 11.712 14.7125
162 13.2881 13.2875
163 15.0003 13.9999
164 18.8003 14
165 18.1997 14
166 21.9997 14.0001
167 23 14
168 1 15
169 3.288 14.2876
170 5.00023 14.9997
171 7.28793 14.2876
172 9.00012 14.9999
173 11.2879 14.2875
174 13.0001 14.9999
175 15.9998 15
176 17.7119 15.7127
177 19.9999 14.9999
178 21.7119 15.7125
179 24 15
180 2 16
181 3.28771 16.7118
182 5.99977 16
183 7.71189 16.7125
184 9.99982 16.0002
185 11.0003 15.9999
186 13.9997 15.9999
187 15.0001 15.9999
188 17.2881 15.2875
189 19.0001 16.0002
190 21.2881 15.2874
191 23 16
192 1 17
193 3.71228 16.2882
194 5.00012 16.9999
195 7.2881 16.2875
196 9.71176 17.7125
197 11.9999 17
198 13.712 17.7124
199 15.2879 17.7124
200 17.0003 17
201 20.8002 16.9999
202 20.1996 17.0002
203 24 17
204 2 18
205 3.00023 17.9999
206 6.80014 17.9999
207 6.19962 18.0001
208 9.28815 17.2874
209 11.7119 18.7126
210 13.288 17.2875
211 15.712 17.2876
212 17.288 18.7124
213 19.7119 18.7125
214 21.9999 17.9999
215 23 18
216 1 19
217 3.99985 18.9999
218 5.00017 18.9999
219 7.99979 19
220 9.00003 18.9999
221 11.288 18.2875
222 13.0003 18.9999
223 15.9997 18.9999
224 17.7121 18.2875
225 19.288 18.2874
226 21.0002 19
227 24 19
228 2 20
229 3 20
230 6 20
231 7 20
232 10 20
233 11 20
234 14 20
235 15 20
236 18 20
237 19 20
238 22 20
239 23 20
240 1 1
241 4 21
242 5 21
243 8 21
244 9 21
245 12 21
246 13 21
247 16 21
248 17 21
249 20 21
250 21 21
251 1 1
************************************************************
0 1 1
1 4 1
2 5 1
3 8 1
4 9 1
5 12 1
6 13 1
7 16 1
8 17 1
9 20 1
10 21 1
11 1 1
12 2 2
13 3 2
14 6 2
15 7 2
16 10 2
17 11 2
18 14 2
19 15 2
20 18 2
21 19 2
22 22 2
23 23 2
24 1 3
25 3.99978 3.00015
26 5.00032 3.00015
27 7.99979 3.00018
28 9.7121 3.71257
29 11.9998 2.99997
30 13.7118 3.71273
31 15.9999 3.00013
32 17.0002 3
33 19.2882 3.7125
34 21.0003 3.00011
35 24 3
36 2 4
37 3.00034 4.00009
38 5.99964 4.00009
39 7.71195 4.71268
40 9.28807 3.28747
41 11.0002 3.99991
42 13.2882 3.28735
43 15.7119 4.7127
44 17.9999 4.00004
45 19.712 3.28746
46 21.9999 4.00006
47 23 4
48 1 5
49 3.2881 5.71261
50 5.71206 5.71251
51 7.28813 4.28739
52 9.71207 5.71261
53 12.8003 4.99993
54 12.1996 4.99997
55 15.2882 4.28751
56 17.712 5.71254
57 19.9999 4.99996
58 21.7119 5.71261
59 24 5
60 2 6
61 3.71205 5.28761
62 5.28787 5.28761
63 7.00035 5.9998
64 9.28808 5.28756
65 11.0003 5.99987
66 13.9997 6.00003
67 15.7118 6.71262
68 17.2882 5.28744
69 19.0002 5.99983
70 21.2881 5.28749
71 23 6
72 1 7
73 3.99972 7.00005
74 5.28775 7.71175
75 7.99986 7.00035
76 9.7118 7.71247
77 12.8003 7.00001
78 12.1997 7.00021
79 15.2879 6.28736
80 17.7118 7.71263
81 19.9997 7.00007
82 21.0002 6.99992
83 24 7
84 2 8
85 3.71194 8.71281
86 5.7123 7.28816
87 7.00031 8.00001
88 9.28797 7.28749
89 11.7118 8.71263
90 13.9999 8.00021
91 15 8.00003
92 17.288 7.28743
93 19.0002 7.99995
94 21.9997 7.99993
95 23 8
96 1 9
97 3.28792 8.2874
98 5.00002 9.0001
99 7.87148 10.573
100 9.71234 9.71247
101 11.2883 8.2872
102 13.7118 9.71272
103 15.8714 10.0025
104 17.0003 8.99975
105 19.9997 9.00009
106 21.0003 8.99993
107 24 9
108 2 10
109 3.00022 10.0001
110 5.99962 9.99998
111 7.4288 9.42957
112 9.2877 9.28766
113 11.0001 9.99984
114 13.2882 9.28746
115 15.6995 9.42702
116 18.0001 10.0001
117 19.712 10.7125
118 21.9998 10
119 23 10
120 1 11
121 3.87142 12.0025
122 5.71215 11.7125
123 7.69952 9.99748
124 9.71194 11.7127
125 11.9998 11.0002
126 13.0002 10.9999
127 15.4291 10.5706
128 17.0004 10.9999
129 19.288 10.2874
130 21.0003 10.9999
131 24 11
132 2 12
133 3.69944 11.427
134 5.28818 11.2873
135 7.71193 12.7125
136 9.28831 11.2875
137 11.7118 12.7126
138 13.9998 12.0001
139 15.7121 12.7125
140 17.9995 12
141 19.7119 12.7126
142 21.9997 12
143 23 12
144 1 13
145 3.42912 12.5705
146 5.0004 12.9999
147 7.28791 12.2874
148 9.00026 12.9997
149 11.2881 12.2874
150 13.7119 13.7126
151 15.2881 12.2874
152 17.0001 12.9998
153 19.2881 12.2874
154 21.0002 13
155 24 13
156 2 14
157 3.71209 14.7124
158 5.99954 14.0001
159 7.71208 14.7125
160 9.99969 14
161 11.712 14.7126
162 13.2881 13.2874
163 15.0004 13.9999
164 18.8004 14
165 18.1996 14
166 21.9996 14.0001
167 23 14
168 1 15
169 3.28801 14.2876
170 5.00031 14.9996
171 7.28792 14.2875
172 9.00017 14.9999
173 11.2879 14.2874
174 13.0002 14.9999
175 15.9997 15
176 17.7119 15.7128
177 19.9998 14.9999
178 21.7118 15.7126
179 24 15
180 2 16
181 3.28773 16.7117
182 5.99971 16
183 7.71187 16.7125
184 9.99976 16.0002
185 11.0003 15.9999
186 13.9996 15.9999
187 15.0002 15.9999
188 17.2881 15.2874
189 19.0001 16.0002
190 21.2881 15.2872
191 23 16
192 1 17
193 3.71226 16.2883
194 5.00017 16.9999
195 7.28812 16.2874
196 9.71171 17.7126
197 11.9999 17
198 13.7121 17.7125
199 15.2879 17.7125
200 17.0004 17
201 20.8003 16.9998
202 20.1995 17.0002
203 24 17
204 2 18
205 3.0003 17.9999
206 6.80023 17.9999
207 6.19945 18.0001
208 9.28818 17.2873
209 11.7118 18.7127
210 13.288 17.2873
211 15.712 17.2875
212 17.288 18.7125
213 19.7119 18.7126
214 21.9999 17.9999
215 23 18
216 1 19
217 3.99979 18.9998
218 5.00023 18.9999
219 7.99972 19
220 9.00006 18.9998
221 11.2881 18.2874
222 13.0004 18.9999
223 15.9996 18.9999
224 17.7122 18.2874
225 19.288 18.2873
226 21.0003 19
227 24 19
228 2 20
229 3 20
230 6 20
231 7 20
232 10 20
233 11 20
234 14 20
235 15 20
236 18 20
237 19 20
238 22 20
239 23 20
240 1 1
241 4 21
242 5 21
243 8 21
244 9 21
245 12 21
246 13 21
247 16 21
248 17 21
249 20 21
250 21 21
251 1 1
************************************************************
0 1 1
1 4 1
2 5 1
3 8 1
4 9 1
5 12 1
6 13 1
7 16 1
8 17 1
9 20 1
10 21 1
11 1 1
12 2 2
13 3 2
14 6 2
15 7 2
16 10 2
17 11 2
18 14 2
19 15 2
20 18 2
21 19 2
22 22 2
23 23 2
24 1 3
25 3.99972 3.00017
26 5.0004 3.00017
27 7.99973 3.00022
28 9.71212 3.71268
29 11.9997 2.99997
30 13.7118 3.71285
31 15.9999 3.00016
32 17.0002 3
33 19.2882 3.71258
34 21.0003 3.00013
35 24 3
36 2 4
37 3.00042 4.00011
38 5.99955 4.00012
39 7.71195 4.7128
40 9.28809 3.28737
41 11.0003 3.99989
42 13.2883 3.28725
43 15.7118 4.71281
44 17.9998 4.00005
45 19.712 3.28737
46 21.9998 4.00007
47 23 4
48 1 5
49 3.28813 5.71272
50 5.71207 5.7126
51 7.28815 4.28728
52 9.71208 5.71272
53 12.8005 4.99991
54 12.1995 4.99998
55 15.2882 4.28744
56 17.712 5.71263
57 19.9998 4.99995
58 21.7119 5.7127
59 24 5
60 2 6
61 3.71205 5.28756
62 5.28785 5.28756
63 7.00043 5.99975
64 9.2881 5.28748
65 11.0003 5.99984
66 13.9996 6.00004
67 15.7118 6.71274
68 17.2882 5.28736
69 19.0003 5.99979
70 21.2881 5.28741
71 23 6
72 1 7
73 3.99966 7.00006
74 5.28775 7.71168
75 7.99983 7.00043
76 9.71174 7.71255
77 12.8003 7.00002
78 12.1996 7.00025
79 15.2879 6.28724
80 17.7117 7.71273
81 19.9996 7.00009
82 21.0003 6.99991
83 24 7
84 2 8
85 3.71193 8.71298
86 5.7123 7.28822
87 7.00039 8.00001
88 9.28796 7.28743
89 11.7118 8.71273
90 13.9999 8.00026
91 15.0001 8.00004
92 17.288 7.28733
93 19.0003 7.99993
94 21.9997 7.99992
95 23 8
96 1 9
97 3.28789 8.28729
98 5.00003 9.00012
99 7.87146 10.5731
100 9.71241 9.71257
101 11.2883 8.28708
102 13.7117 9.71283
103 15.8714 10.0026
104 17.0004 8.99969
105 19.9996 9.00011
106 21.0004 8.99991
107 24 9
108 2 10
109 3.00026 10.0002
110 5.99953 9.99997
111 7.42868 9.42964
112 9.28765 9.28758
113 11.0002 9.9998
114 13.2883 9.28738
115 15.6996 9.42692
116 18.0001 10.0001
117 19.712 10.7126
118 21.9998 10
119 23 10
120 1 11
121 3.87133 12.0026
122 5.7122 11.7126
123 7.6996 9.99733
124 9.71192 11.7128
125 11.9997 11.0002
126 13.0002 10.9998
127 15.429 10.5705
128 17.0005 10.9999
129 19.288 10.2873
130 21.0004 10.9999
131 24 11
132 2 12
133 3.69954 11.4268
134 5.28822 11.2871
135 7.71191 12.7126
136 9.28838 11.2875
137 11.7118 12.7126
138 13.9998 12.0001
139 15.7122 12.7126
140 17.9993 12
141 19.7119 12.7127
142 21.9996 12
143 23 12
144 1 13
145 3.4291 12.5704
146 5.0005 12.9998
147 7.28789 12.2873
148 9.00032 12.9997
149 11.2882 12.2873
150 13.7119 13.7127
151 15.2881 12.2872
152 17.0001 12.9997
153 19.2881 12.2873
154 21.0003 13
155 24 13
156 2 14
157 3.71211 14.7124
158 5.99942 14.0001
159 7.7121 14.7126
160 9.99962 14
161 11.7119 14.7127
162 13.2881 13.2873
163 15.0005 13.9999
164 18.8005 13.9999
165 18.1995 14.0001
166 21.9995 14.0001
167 23 14
168 1 15
169 3.28801 14.2875
170 5.00039 14.9995
171 7.2879 14.2874
172 9.00021 14.9999
173 11.2879 14.2873
174 13.0002 14.9999
175 15.9996 15
176 17.7119 15.713
177 19.9998 14.9999
178 21.7118 15.7127
179 24 15
180 2 16
181 3.28774 16.7117
182 5.99966 16
183 7.71184 16.7126
184 9.9997 16.0003
185 11.0004 15.9999
186 13.9995 15.9999
187 15.0002 15.9999
188 17.2881 15.2873
189 19.0001 16.0002
190 21.2881 15.2871
191 23 16
192 1 17
193 3.71224 16.2884
194 5.00022 16.9998
195 7.28814 16.2873
196 9.71166 17.7127
197 11.9998 17
198 13.7121 17.7126
199 15.2879 17.7126
200 17.0004 17
201 20.8004 16.9998
202 20.1993 17.0003
203 24 17
204 2 18
205 3.00037 17.9999
206 6.80031 17.9999
207 6.19928 18.0001
208 9.28821 17.2872
209 11.7118 18.7128
210 13.288 17.2872
211 15.712 17.2874
212 17.288 18.7126
213 19.7119 18.7127
214 21.9998 17.9999
215 23 18
216 1 19
217 3.99974 18.9998
218 5.00029 18.9998
219 7.99964 19
220 9.00009 18.9998
221 11.2881 18.2874
222 13.0004 18.9999
223 15.9996 18.9999
224 17.7122 18.2873
225 19.2881 18.2872
226 21.0004 19
227 24 19
228 2 20
229 3 20
230 6 20
231 7 20
232 10 20
233 11 20
234 14 20
235 15 20
236 18 20
237 19 20
238 22 20
239 23 20
240 1 1
241 4 21
242 5 21
243 8 21
244 9 21
245 12 21
246 13 21
247 16 21
248 17 21
249 20 21
250 21 21
251 1 1
************************************************************
0 1 1
1 4 1
2 5 1
3 8 1
4 9 1
5 12 1
6 13 1
7 16 1
8 17 1
9 20 1
10 21 1
11 1 1
12 2 2
13 3 2
14 6 2
15 7 2
16 10 2
17 11 2
18 14 2
19 15 2
20 18 2
21 19 2
22 22 2
23 23 2
24 1 3
25 3.99966 3.0002
26 5.00047 3.0002
27 7.99967 3.00026
28 9.71214 3.71278
29 11.9997 2.99996
30 13.7118 3.71296
31 15.9998 3.00019
32 17.0003 3
33 19.2883 3.71266
34 21.0004 3.00016
35 24 3
36 2 4
37 3.00051 4.00013
38 5.99947 4.00014
39 7.71194 4.71292
40 9.28811 3.28728
41 11.0003 3.99987
42 13.2883 3.28715
43 15.7118 4.71292
44 17.9998 4.00006
45 19.712 3.28729
46 21.9998 4.00009
47 23 4
48 1 5
49 3.28817 5.71283
50 5.71208 5.7127
51 7.28818 4.28717
52 9.71208 5.71283
53 12.8006 4.99988
54 12.1994 4.99999
55 15.2882 4.28737
56 17.712 5.71271
57 19.9998 4.99994
58 21.7119 5.7128
59 24 5
60 2 6
61 3.71206 5.2875
62 5.28782 5.2875
63 7.00052 5.99969
64 9.28812 5.28741
65 11.0004 5.99982
66 13.9996 6.00004
67 15.7118 6.71285
68 17.2883 5.28727
69 19.0003 5.99975
70 21.2882 5.28733
71 23 6
72 1 7
73 3.99959 7.00007
74 5.28775 7.71161
75 7.99981 7.0005
76 9.71169 7.71262
77 12.8004 7.00002
78 12.1995 7.00029
79 15.2879 6.28712
80 17.7117 7.71283
81 19.9995 7.0001
82 21.0004 6.99989
83 24 7
84 2 8
85 3.71192 8.71314
86 5.7123 7.28827
87 7.00046 8.00002
88 9.28796 7.28736
89 11.7117 8.71282
90 13.9998 8.00031
91 15.0001 8.00006
92 17.288 7.28724
93 19.0004 7.99992
94 21.9996 7.9999
95 23 8
96 1 9
97 3.28785 8.28718
98 5.00004 9.00014
99 7.87145 10.5732
100 9.71248 9.71268
101 11.2884 8.28695
102 13.7117 9.71294
103 15.8713 10.0028
104 17.0005 8.99963
105 19.9995 9.00013
106 21.0005 8.9999
107 24 9
108 2 10
109 3.00031 10.0002
110 5.99944 9.99995
111 7.42856 9.42971
112 9.2876 9.2875
113 11.0002 9.99976
114 13.2884 9.2873
115 15.6997 9.42682
116 18.0001 10.0001
117 19.712 10.7127
118 21.9997 10
119 23 10
120 1 11
121 3.87123 12.0028
122 5.71225 11.7127
123 7.69968 9.99718
124 9.7119 11.7129
125 11.9997 11.0002
126 13.0002 10.9998
127 15.429 10.5705
128 17.0006 10.9998
129 19.288 10.2872
130 21.0005 10.9999
131 24 11
132 2 12
133 3.69965 11.4267
134 5.28826 11.287
135 7.71189 12.7127
136 9.28845 11.2874
137 11.7118 12.7127
138 13.9997 12.0002
139 15.7122 12.7127
140 17.9992 12.0001
141 19.7119 12.7128
142 21.9996 12
143 23 12
144 1 13
145 3.42907 12.5704
146 5.00059 12.9998
147 7.28787 12.2871
148 9.00039 12.9996
149 11.2882 12.2872
150 13.7118 13.7129
151 15.2881 12.2871
152 17.0001 12.9997
153 19.2881 12.2872
154 21.0003 13
155 24 13
156 2 14
157 3.71212 14.7125
158 5.99931 14.0002
159 7.71211 14.7127
160 9.99954 14
161 11.7119 14.7128
162 13.2881 13.2872
163 15.0006 13.9998
164 18.8007 13.9999
165 18.1993 14.0001
166 21.9994 14.0001
167 23 14
168 1 15
169 3.28801 14.2874
170 5.00047 14.9994
171 7.28789 14.2873
172 9.00026 14.9998
173 11.2878 14.2872
174 13.0003 14.9998
175 15.9995 15
176 17.7118 15.7131
177 19.9998 14.9999
178 21.7118 15.7128
179 24 15
180 2 16
181 3.28775 16.7116
182 5.9996 16.0001
183 7.71182 16.7127
184 9.99964 16.0003
185 11.0005 15.9999
186 13.9995 15.9999
187 15.0003 15.9999
188 17.2881 15.2872
189 19.0002 16.0002
190 21.2881 15.287
191 23 16
192 1 17
193 3.71223 16.2885
194 5.00028 16.9998
195 7.28817 16.2872
196 9.7116 17.7128
197 11.9998 17
198 13.7121 17.7127
199 15.2879 17.7127
200 17.0005 17
201 20.8005 16.9998
202 20.1992 17.0003
203 24 17
204 2 18
205 3.00044 17.9998
206 6.8004 17.9999
207 6.19911 18.0001
208 9.28824 17.2871
209 11.7117 18.7129
210 13.288 17.2871
211 15.712 17.2874
212 17.288 18.7127
213 19.7119 18.7128
214 21.9998 17.9999
215 23 18
216 1 19
217 3.99969 18.9997
218 5.00035 18.9998
219 7.99957 19
220 9.00012 18.9997
221 11.2881 18.2873
222 13.0005 18.9999
223 15.9995 18.9999
224 17.7122 18.2871
225 19.2881 18.2871
226 21.0005 19
227 24 19
228 2 20
229 3 20
230 6 20
231 7 20
232 10 20
233 11 20
234 14 20
235 15 20
236 18 20
237 19 20
238 22 20
239 23 20
240 1 1
241 4 21
242 5 21
243 8 21
244 9 21
245 12 21
246 13 21
247 16 21
248 17 21
249 20 21
250 21 21
251 1 1
************************************************************
0 1 1
1 4 1
2 5 1
3 8 1
4 9 1
5 12 1
6 13 1
7 16 1
8 17 1
9 20 1
10 21 1
11 1 1
12 2 2
13 3 2
14 6 2
15 7 2
16 10 2
17 11 2
18 14 2
19 15 2
20 18 2
21 19 2
22 22 2
23 23 2
24 1 3
25 3.9996 3.00023
26 5.00055 3.00023
27 7.99962 3.0003
28 9.71216 3.71288
29 11.9996 2.99996
30 13.7118 3.71307
31 15.9998 3.00022
32 17.0003 3
33 19.2883 3.71273
34 21.0005 3.00018
35 24 3
36 2 4
37 3.00059 4.00015
38 5.99938 4.00016
39 7.71193 4.71304
40 9.28812 3.28718
41 11.0004 3.99984
42 13.2883 3.28704
43 15.7118 4.71304
44 17.9997 4.00007
45 19.7119 3.2872
46 21.9997 4.0001
47 23 4
48 1 5
49 3.2882 5.71295
50 5.71209 5.71279
51 7.2882 4.28706
52 9.71209 5.71293
53 12.8007 4.99986
54 12.1993 5
55 15.2883 4.2873
56 17.712 5.7128
57 19.9997 4.99993
58 21.7119 5.71289
59 24 5
60 2 6
61 3.71207 5.28745
62 5.2878 5.28745
63 7.00061 5.99964
64 9.28814 5.28733
65 11.0005 5.99979
66 13.9995 6.00005
67 15.7118 6.71296
68 17.2883 5.28718
69 19.0004 5.99972
70 21.2882 5.28726
71 23 6
72 1 7
73 3.99952 7.00008
74 5.28775 7.71153
75 7.99978 7.00058
76 9.71163 7.71269
77 12.8005 7.00002
78 12.1993 7.00033
79 15.2879 6.28701
80 17.7117 7.71293
81 19.9994 7.00012
82 21.0004 6.99987
83 24 7
84 2 8
85 3.7119 8.7133
86 5.71229 7.28832
87 7.00054 8.00002
88 9.28796 7.28729
89 11.7117 8.71292
90 13.9998 8.00037
91 15.0001 8.00008
92 17.288 7.28715
93 19.0004 7.99991
94 21.9995 7.99989
95 23 8
96 1 9
97 3.28782 8.28706
98 5.00005 9.00016
99 7.87143 10.5733
100 9.71255 9.71278
101 11.2884 8.28683
102 13.7116 9.71305
103 15.8712 10.0029
104 17.0006 8.99958
105 19.9994 9.00015
106 21.0006 8.99988
107 24 9
108 2 10
109 3.00036 10.0003
110 5.99935 9.99993
111 7.42844 9.42977
112 9.28754 9.28742
113 11.0002 9.99973
114 13.2884 9.28722
115 15.6998 9.42672
116 18.0001 10.0001
117 19.712 10.7128
118 21.9997 10
119 23 10
120 1 11
121 3.87114 12.0029
122 5.71231 11.7128
123 7.69976 9.99702
124 9.71189 11.713
125 11.9996 11.0002
126 13.0003 10.9998
127 15.429 10.5704
128 17.0007 10.9998
129 19.288 10.2871
130 21.0006 10.9999
131 24 11
132 2 12
133 3.69975 11.4266
134 5.28831 11.2869
135 7.71187 12.7128
136 9.28851 11.2874
137 11.7118 12.7128
138 13.9996 12.0002
139 15.7122 12.7128
140 17.9991 12.0001
141 19.7119 12.713
142 21.9995 12
143 23 12
144 1 13
145 3.42904 12.5703
146 5.00069 12.9998
147 7.28785 12.287
148 9.00045 12.9996
149 11.2882 12.2871
150 13.7118 13.713
151 15.2881 12.287
152 17.0002 12.9996
153 19.2881 12.2871
154 21.0004 13
155 24 13
156 2 14
157 3.71214 14.7125
158 5.9992 14.0002
159 7.71212 14.7128
160 9.99947 14
161 11.7119 14.7129
162 13.2881 13.2871
163 15.0007 13.9998
164 18.8008 13.9999
165 18.1992 14.0001
166 21.9993 14.0002
167 23 14
168 1 15
169 3.28802 14.2874
170 5.00054 14.9993
171 7.28788 14.2872
172 9.00031 14.9998
173 11.2878 14.2871
174 13.0003 14.9998
175 15.9995 15
176 17.7118 15.7133
177 19.9997 14.9999
178 21.7118 15.7129
179 24 15
180 2 16
181 3.28776 16.7115
182 5.99954 16.0001
183 7.71179 16.7128
184 9.99958 16.0004
185 11.0006 15.9999
186 13.9994 15.9999
187 15.0003 15.9998
188 17.2882 15.2871
189 19.0002 16.0003
190 21.2881 15.2869
191 23 16
192 1 17
193 3.71221 16.2886
194 5.00033 16.9998
195 7.28819 16.2871
196 9.71155 17.7129
197 11.9998 17
198 13.7121 17.7128
199 15.2879 17.7128
200 17.0006 17
201 20.8006 16.9997
202 20.199 17.0003
203 24 17
204 2 18
205 3.00051 17.9998
206 6.80049 17.9999
207 6.19895 18.0001
208 9.28827 17.287
209 11.7117 18.713
210 13.288 17.287
211 15.7119 17.2873
212 17.288 18.7128
213 19.7119 18.7129
214 21.9997 17.9999
215 23 18
216 1 19
217 3.99964 18.9997
218 5.0004 18.9998
219 7.9995 19
220 9.00014 18.9997
221 11.2881 18.2872
222 13.0006 18.9998
223 15.9994 18.9998
224 17.7122 18.287
225 19.2881 18.287
226 21.0005 19
227 24 19
228 2 20
229 3 20
230 6 20
231 7 20
232 10 20
233 11 20
234 14 20
235 15 20
236 18 20
237 19 20
238 22 20
239 23 20
240 1 1
241 4 21
242 5 21
243 8 21
244 9 21
245 12 21
246 13 21
247 16 21
248 17 21
249 20 21
250 21 21
251 1 1
************************************************************
0 1 1
1 4 1
2 5 1
3 8 1
4 9 1
5 12 1
6 13 1
7 16 1
8 17 1
9 20 1
10 21 1
11 1 1
12 2 2
13 3 2
14 6 2
15 7 2
16 10 2
17 11 2
18 14 2
19 15 2
20 18 2
21 19 2
22 22 2
23 23 2
24 1 3
25 3.99954 3.00026
26 5.00063 3.00026
27 7.99956 3.00034
28 9.71218 3.71299
29 11.9996 2.99996
30 13.7117 3.71319
31 15.9998 3.00025
32 17.0004 3
33 19.2883 3.71281
34 21.0006 3.0002
35 24 3
36 2 4
37 3.00067 4.00017
38 5.9993 4.00018
39 7.71193 4.71316
40 9.28814 3.28709
41 11.0004 3.99982
42 13.2884 3.28694
43 15.7117 4.71315
44 17.9997 4.00008
45 19.7119 3.28712
46 21.9997 4.00011
47 23 4
48 1 5
49 3.28824 5.71306
50 5.7121 5.71289
51 7.28822 4.28696
52 9.7121 5.71304
53 12.8008 4.99983
54 12.1991 5.00001
55 15.2883 4.28723
56 17.712 5.71288
57 19.9997 4.99992
58 21.7119 5.71299
59 24 5
60 2 6
61 3.71207 5.28739
62 5.28778 5.28739
63 7.00069 5.99958
64 9.28816 5.28725
65 11.0005 5.99976
66 13.9994 6.00006
67 15.7117 6.71308
68 17.2884 5.2871
69 19.0004 5.99968
70 21.2882 5.28718
71 23 6
72 1 7
73 3.99945 7.00009
74 5.28775 7.71146
75 7.99976 7.00066
76 9.71158 7.71277
77 12.8006 7.00003
78 12.1992 7.00037
79 15.2879 6.28689
80 17.7116 7.71303
81 19.9993 7.00013
82 21.0005 6.99986
83 24 7
84 2 8
85 3.71189 8.71347
86 5.71229 7.28837
87 7.00061 8.00003
88 9.28795 7.28722
89 11.7117 8.71301
90 13.9997 8.00042
91 15.0001 8.00009
92 17.288 7.28705
93 19.0005 7.9999
94 21.9995 7.99987
95 23 8
96 1 9
97 3.28779 8.28695
98 5.00006 9.00018
99 7.87141 10.5734
100 9.71262 9.71289
101 11.2885 8.28671
102 13.7116 9.71316
103 15.8712 10.0031
104 17.0006 8.99952
105 19.9993 9.00017
106 21.0006 8.99987
107 24 9
108 2 10
109 3.0004 10.0003
110 5.99925 9.99992
111 7.42832 9.42984
112 9.28749 9.28734
113 11.0003 9.99969
114 13.2885 9.28714
115 15.6999 9.42662
116 18.0001 10.0001
117 19.712 10.7129
118 21.9996 10
119 23 10
120 1 11
121 3.87105 12.0031
122 5.71236 11.7129
123 7.69983 9.99687
124 9.71187 11.7131
125 11.9996 11.0003
126 13.0003 10.9997
127 15.4289 10.5704
128 17.0008 10.9998
129 19.288 10.287
130 21.0007 10.9998
131 24 11
132 2 12
133 3.69986 11.4265
134 5.28835 11.2867
135 7.71185 12.7129
136 9.28858 11.2873
137 11.7117 12.7129
138 13.9996 12.0002
139 15.7123 12.7129
140 17.9989 12.0001
141 19.7119 12.7131
142 21.9994 12
143 23 12
144 1 13
145 3.42901 12.5703
146 5.00079 12.9997
147 7.28783 12.2869
148 9.00052 12.9995
149 11.2883 12.287
150 13.7118 13.7131
151 15.2881 12.2869
152 17.0002 12.9996
153 19.2881 12.287
154 21.0004 13
155 24 13
156 2 14
157 3.71216 14.7126
158 5.99908 14.0002
159 7.71214 14.7129
160 9.99939 14
161 11.7119 14.713
162 13.2881 13.287
163 15.0008 13.9998
164 18.8009 13.9998
165 18.1991 14.0002
166 21.9992 14.0002
167 23 14
168 1 15
169 3.28802 14.2873
170 5.00062 14.9992
171 7.28786 14.2871
172 9.00035 14.9998
173 11.2878 14.287
174 13.0004 14.9998
175 15.9994 15
176 17.7118 15.7134
177 19.9997 14.9998
178 21.7118 15.713
179 24 15
180 2 16
181 3.28777 16.7115
182 5.99949 16.0001
183 7.71177 16.7129
184 9.99952 16.0004
185 11.0007 15.9998
186 13.9993 15.9999
187 15.0004 15.9998
188 17.2882 15.287
189 19.0003 16.0003
190 21.2881 15.2867
191 23 16
192 1 17
193 3.71219 16.2887
194 5.00038 16.9997
195 7.28821 16.2869
196 9.7115 17.713
197 11.9997 17
198 13.7121 17.7129
199 15.2878 17.7129
200 17.0007 17
201 20.8008 16.9997
202 20.1989 17.0004
203 24 17
204 2 18
205 3.00058 17.9998
206 6.80058 17.9998
207 6.19878 18.0001
208 9.28831 17.2869
209 11.7117 18.7131
210 13.288 17.2869
211 15.7119 17.2872
212 17.288 18.7129
213 19.7119 18.713
214 21.9997 17.9999
215 23 18
216 1 19
217 3.99958 18.9996
218 5.00046 18.9998
219 7.99943 19
220 9.00017 18.9997
221 11.2881 18.2871
222 13.0007 18.9998
223 15.9993 18.9998
224 17.7123 18.2869
225 19.2881 18.2868
226 21.0006 19
227 24 19
228 2 20
229 3 20
230 6 20
231 7 20
232 10 20
233 11 20
234 14 20
235 15 20
236 18 20
237 19 20
238 22 20
239 23 20
240 1 1
241 4 21
242 5 21
243 8 21
244 9 21
245 12 21
246 13 21
247 16 21
248 17 21
249 20 21
250 21 21
251 1 1
************************************************************
0 1 1
1 4 1
2 5 1
3 8 1
4 9 1
5 12 1
6 13 1
7 16 1
8 17 1
9 20 1
10 21 1
11 1 1
12 2 2
13 3 2
14 6 2
15 7 2
16 10 2
17 11 2
18 14 2
19 15 2
20 18 2
21 19 2
22 22 2
23 23 2
24 1 3
25 3.99949 3.00029
26 5.00071 3.00029
27 7.9995 3.00038
28 9.7122 3.71309
29 11.9995 2.99996
30 13.7117 3.7133
31 15.9997 3.00028
32 17.0004 3
33 19.2884 3.71289
34 21.0006 3.00023
35 24 3
36 2 4
37 3.00075 4.00019
38 5.99921 4.00021
39 7.71192 4.71328
40 9.28816 3.28699
41 11.0005 3.9998
42 13.2884 3.28684
43 15.7117 4.71326
44 17.9996 4.00008
45 19.7119 3.28703
46 21.9996 4.00013
47 23 4
48 1 5
49 3.28827 5.71317
50 5.71211 5.71298
51 7.28825 4.28685
52 9.7121 5.71315
53 12.8009 4.99981
54 12.199 5.00001
55 15.2883 4.28716
56 17.712 5.71297
57 19.9996 4.99992
58 21.7118 5.71308
59 24 5
60 2 6
61 3.71208 5.28733
62 5.28775 5.28733
63 7.00078 5.99953
64 9.28817 5.28718
65 11.0006 5.99974
66 13.9993 6.00007
67 15.7117 6.71319
68 17.2884 5.28701
69 19.0005 5.99965
70 21.2883 5.2871
71 23 6
72 1 7
73 3.99939 7.0001
74 5.28775 7.71139
75 7.99973 7.00074
76 9.71152 7.71284
77 12.8007 7.00003
78 12.1991 7.00041
79 15.2878 6.28677
80 17.7116 7.71313
81 19.9993 7.00015
82 21.0006 6.99984
83 24 7
84 2 8
85 3.71188 8.71363
86 5.71229 7.28843
87 7.00069 8.00004
88 9.28795 7.28715
89 11.7116 8.7131
90 13.9997 8.00047
91 15.0001 8.00011
92 17.288 7.28696
93 19.0005 7.99989
94 21.9994 7.99986
95 23 8
96 1 9
97 3.28775 8.28684
98 5.00007 9.0002
99 7.87139 10.5735
100 9.71269 9.71299
101 11.2885 8.28658
102 13.7115 9.71326
103 15.8711 10.0032
104 17.0007 8.99946
105 19.9993 9.00019
106 21.0007 8.99985
107 24 9
108 2 10
109 3.00045 10.0003
110 5.99916 9.9999
111 7.4282 9.42991
112 9.28744 9.28726
113 11.0003 9.99965
114 13.2885 9.28706
115 15.7 9.42652
116 18.0001 10.0001
117 19.712 10.713
118 21.9996 10
119 23 10
120 1 11
121 3.87096 12.0033
122 5.71241 11.713
123 7.69991 9.99671
124 9.71185 11.7131
125 11.9995 11.0003
126 13.0003 10.9997
127 15.4289 10.5704
128 17.0009 10.9997
129 19.288 10.2869
130 21.0007 10.9998
131 24 11
132 2 12
133 3.69997 11.4264
134 5.28839 11.2866
135 7.71183 12.713
136 9.28865 11.2872
137 11.7117 12.713
138 13.9995 12.0002
139 15.7123 12.7129
140 17.9988 12.0001
141 19.7119 12.7132
142 21.9993 12
143 23 12
144 1 13
145 3.42899 12.5702
146 5.00088 12.9997
147 7.28781 12.2868
148 9.00058 12.9995
149 11.2883 12.2869
150 13.7118 13.7132
151 15.2881 12.2867
152 17.0002 12.9995
153 19.2881 12.2869
154 21.0005 13
155 24 13
156 2 14
157 3.71217 14.7126
158 5.99897 14.0002
159 7.71215 14.713
160 9.99932 14
161 11.7119 14.7132
162 13.2881 13.2869
163 15.0009 13.9998
164 18.8011 13.9998
165 18.1989 14.0002
166 21.9991 14.0002
167 23 14
168 1 15
169 3.28802 14.2872
170 5.0007 14.9991
171 7.28785 14.287
172 9.0004 14.9998
173 11.2878 14.2869
174 13.0004 14.9998
175 15.9993 15
176 17.7118 15.7136
177 19.9996 14.9998
178 21.7117 15.7131
179 24 15
180 2 16
181 3.28778 16.7114
182 5.99943 16.0001
183 7.71175 16.7129
184 9.99946 16.0005
185 11.0007 15.9998
186 13.9992 15.9999
187 15.0004 15.9998
188 17.2882 15.2868
189 19.0003 16.0003
190 21.2881 15.2866
191 23 16
192 1 17
193 3.71217 16.2888
194 5.00044 16.9997
195 7.28823 16.2868
196 9.71144 17.7131
197 11.9997 17
198 13.7121 17.713
199 15.2878 17.713
200 17.0008 17
201 20.8009 16.9996
202 20.1987 17.0004
203 24 17
204 2 18
205 3.00065 17.9997
206 6.80067 17.9998
207 6.19861 18.0001
208 9.28834 17.2868
209 11.7116 18.7132
210 13.288 17.2867
211 15.7119 17.2871
212 17.288 18.7131
213 19.7119 18.7131
214 21.9996 17.9999
215 23 18
216 1 19
217 3.99953 18.9996
218 5.00052 18.9997
219 7.99935 19
220 9.0002 18.9996
221 11.2881 18.287
222 13.0008 18.9998
223 15.9992 18.9998
224 17.7123 18.2868
225 19.2881 18.2867
226 21.0007 19
227 24 19
228 2 20
229 3 20
230 6 20
231 7 20
232 10 20
233 11 20
234 14 20
235 15 20
236 18 20
237 19 20
238 22 20
239 23 20
240 1 1
241 4 21
242 5 21
243 8 21
244 9 21
245 12 21
246 13 21
247 16 21
248 17 21
249 20 21
250 21 21
251 1 1
